4294967294,0
49,6
4294967278,320
4294967278,319
37,8
37,0
37,7
4294967294,22
4294967294,17
4294967294,99
4294967294,76
54,6
54,5
54,4
54,3
54,2
54,1
4294967278,318
4294967294,1446
4294967294,490
53,5
53,4
4294967294,8
53,3
53,2
53,1
4294967293,131
4294967293,130
4294967293,129
4294967293,128
4294967293,127
4294967293,126
4294967293,125
4294967293,124
4294967293,123
4294967293,122
4294967293,121
4294967293,120
4294967293,119
4294967293,118
4294967293,117
4294967293,116
4294967293,115
4294967293,114
4294967293,113
4294967293,112
4294967293,111
4294967293,110
4294967293,109
4294967293,108
4294967293,107
4294967293,106
4294967293,105
4294967293,104
4294967293,103
4294967293,102
4294967293,101
4294967293,100
4294967293,99
4294967293,98
4294967293,97
4294967293,96
4294967293,95
4294967293,94
4294967293,93
4294967293,92
4294967293,91
4294967293,90
4294967293,89
4294967293,87
4294967293,86
4294967293,85
4294967293,84
4294967293,83
4294967293,82
4294967293,81
4294967293,80
4294967293,79
4294967293,78
4294967293,77
4294967293,76
4294967293,75
4294967293,74
4294967293,73
4294967293,72
4294967293,71
4294967293,70
4294967293,69
4294967293,68
4294967293,67
4294967293,66
4294967293,65
4294967293,64
4294967293,63
4294967293,62
4294967293,61
4294967293,60
4294967293,59
4294967293,58
4294967293,57
4294967293,56
4294967293,55
4294967293,54
4294967293,53
4294967293,52
4294967293,51
4294967293,50
4294967293,49
4294967293,48
4294967293,47
4294967293,46
4294967293,45
4294967293,44
4294967293,43
4294967293,42
4294967293,41
4294967293,40
4294967293,39
4294967293,38
4294967293,37
4294967293,36
4294967293,35
4294967293,34
4294967293,33
4294967293,32
4294967293,31
4294967293,30
4294967293,29
4294967293,28
4294967293,27
4294967293,26
4294967293,25
4294967293,24
4294967293,23
4294967293,22
4294967293,21
4294967293,20
4294967293,19
4294967293,18
4294967293,17
4294967293,16
4294967293,15
4294967293,14
4294967293,13
4294967293,12
4294967293,11
4294967293,10
4294967293,9
4294967293,8
4294967293,7
4294967293,6
4294967293,5
4294967293,4
4294967293,3
4294967278,126
4294967278,124
4294967278,122
4294967278,121
4294967278,120
4294967278,119
4294967278,118
4294967278,117
4294967278,116
4294967278,115
4294967278,114
4294967278,112
4294967278,111
4294967278,109
4294967278,108
4294967278,107
4294967278,106
4294967278,105
4294967278,104
4294967278,102
4294967278,101
4294967278,100
4294967278,98
4294967278,97
4294967278,96
4294967278,95
4294967278,94
4294967278,93
4294967278,91
4294967278,90
4294967278,89
4294967278,86
4294967278,85
4294967278,83
4294967278,82
4294967278,80
4294967278,79
4294967278,77
4294967278,76
4294967278,74
4294967278,73
4294967278,72
4294967278,71
4294967278,69
4294967278,67
4294967278,64
4294967278,63
4294967278,61
4294967278,60
4294967278,58
4294967278,57
4294967278,54
4294967278,53
4294967278,52
4294967278,51
4294967278,50
4294967278,48
4294967278,47
4294967278,45
4294967278,44
4294967278,42
4294967278,41
4294967278,38
4294967278,37
4294967278,36
4294967278,35
4294967278,34
4294967278,32
4294967278,31
4294967278,30
4294967278,28
4294967278,27
4294967278,26
4294967278,25
4294967278,24
4294967278,23
4294967278,274
4294967278,21
4294967278,20
4294967278,19
4294967278,285
4294967278,284
4294967278,17
4294967278,16
4294967278,15
4294967278,283
4294967278,14
4294967278,13
4294967278,12
4294967278,281
4294967278,11
4294967278,280
4294967278,10
4294967278,9
4294967278,8
4294967278,7
4294967278,6
4294967278,5
4294967278,278
4294967278,4
4294967279,304
4294967279,125
4294967279,124
4294967279,123
4294967279,122
4294967279,121
4294967279,119
4294967279,118
4294967279,116
4294967279,115
4294967279,114
4294967279,113
4294967279,112
4294967279,111
4294967279,110
4294967279,109
4294967279,108
4294967279,106
4294967279,105
4294967279,104
4294967279,103
4294967279,102
4294967279,101
4294967279,100
4294967279,99
4294967279,98
4294967279,97
4294967279,296
4294967279,95
4294967279,94
4294967279,93
4294967279,92
4294967279,91
4294967279,90
4294967279,89
4294967279,87
4294967279,86
4294967279,85
4294967279,84
4294967279,83
4294967279,82
4294967279,81
4294967279,80
4294967279,79
4294967279,78
4294967279,77
4294967279,76
4294967279,75
4294967279,74
4294967279,73
4294967279,295
4294967279,71
4294967279,70
4294967279,69
4294967279,68
4294967279,67
4294967279,66
4294967279,65
4294967279,64
4294967279,63
4294967279,62
4294967279,61
4294967279,60
4294967279,294
4294967279,59
4294967279,58
4294967279,57
4294967279,56
4294967279,55
4294967279,54
4294967279,318
4294967279,293
4294967279,52
4294967279,51
4294967279,317
4294967279,49
4294967279,48
4294967279,47
4294967279,316
4294967279,45
4294967279,44
4294967279,315
4294967279,42
4294967279,41
4294967279,40
4294967279,39
4294967279,292
4294967279,38
4294967279,37
4294967279,314
4294967279,35
4294967279,34
4294967279,313
4294967279,32
4294967279,31
4294967279,30
4294967279,291
4294967279,29
4294967279,28
4294967279,27
4294967279,25
4294967279,290
4294967279,23
4294967279,289
4294967279,20
4294967279,19
4294967279,288
4294967279,18
4294967279,17
4294967279,287
4294967279,286
4294967279,14
4294967279,13
4294967279,308
4294967279,284
4294967279,11
4294967279,10
4294967279,307
4294967279,282
4294967279,8
4294967279,7
4294967279,306
4294967279,280
4294967279,5
4294967279,278
4294967278,317
4294967278,70
4294967294,1437
4294967294,1445
4294967294,1425
4294967294,1444
52,7
52,6
52,5
52,4
52,3
52,2
52,1
4294967278,316
4294967278,66
4294967294,28
4294967294,27
4294967294,976
4294967294,971
4294967294,437
4294967294,973
51,7
51,6
51,5
51,4
51,3
51,2
51,1
4294967279,177
4294967294,489
4294967294,488
4294967294,984
4294967294,108
4294967294,111
4294967294,119
4294967279,176
50,5
4294967279,175
50,4
50,3
50,2
50,1
4294967278,315
4294967278,59
4294967279,173
4294967294,1443
4294967294,1442
4294967294,1435
4294967279,172
49,5
4294967279,171
49,4
49,3
49,2
49,1
4294967278,314
4294967278,56
4294967279,170
4294967279,169
48,6
4294967279,168
48,5
48,4
4294967279,167
48,3
48,2
48,1
4294967279,53
4294967279,166
4294967279,165
47,5
47,4
4294967279,164
47,3
47,2
47,1
4294967279,50
4294967294,487
4294967279,163
4294967279,162
46,7
46,6
4294967279,161
46,5
46,4
4294967279,160
46,3
46,2
46,1
4294967279,46
4294967279,159
4294967279,158
45,5
45,4
4294967279,156
45,3
45,2
45,1
4294967279,43
4294967294,486
4294967279,155
4294967279,154
44,6
44,5
4294967279,153
44,4
44,3
44,2
44,1
4294967278,313
4294967278,39
4294967279,152
4294967279,151
43,6
4294967279,150
43,5
